-1.337049 -0.290592 1
0.916506 0.684819 0
1.225361 -0.413035 1
-1.415887 -1.202282 1
0.899582 0.878916 0
0.55304 1.470082 1
0.386759 -0.877509 1
-0.120008 0.827194 0
-0.53609 -0.038687 0
-0.937399 -1.205314 1
-0.775979 0.893712 0
1.020438 0.369319 0
-0.148247 -0.998826 1
-1.200561 0.035306 1
-0.521011 -1.190131 1
-0.09632 -0.568445 0
-1.014802 0.346934 0
-0.090566 -0.389886 0
0.813194 1.240312 1
0.8142 -1.42709 1
-0.867471 -1.191311 1
1.462674 0.091664 1
1.060318 0.143666 0
-1.457853 1.073943 1
-1.004109 1.181501 1
0.765197 -0.643352 1
-0.767962 0.280354 0
-0.047265 -1.169457 1
-1.208268 -0.025022 1
1.457613 0.64362 1
0.191134 -0.67889 0
-0.348342 -0.295956 0
0.481837 1.077327 0
-0.464347 -0.468117 0
-1.196904 -1.488003 1
-0.250612 1.423659 1
-0.235763 0.071318 0
-1.006651 0.059254 0
-1.349116 -1.302438 1
0.588238 -0.746288 1
-0.362488 0.49348 0
0.872997 1.283074 1
-1.188784 0.360567 1
0.689834 -0.602212 1
-1.307943 0.51456 1
-0.341828 0.433739 0
0.292987 -0.272504 0
1.174778 1.323086 1
-1.289569 0.122366 1
-1.255402 -0.017671 1
0.756453 0.253187 0
1.121401 1.0967 1
0.096824 -0.277428 0
0.636013 0.289417 0
-0.398685 -0.142975 0
0.210177 0.555509 0
0.533069 -1.318607 1
-0.288939 -0.774616 1
1.132208 -0.694329 1
-0.743392 -0.369774 0
-1.28604 0.649831 1
-1.216224 0.875559 1
0.049615 -0.926187 0
0.218164 0.318633 0
1.230523 -1.302085 1
0.759842 -0.664912 1
-1.344566 0.248816 1
1.210631 1.410298 1
-0.467343 -0.124251 0
0.662997 1.302135 1
0.980501 0.478148 0
-1.192611 0.873216 1
-0.73679 -0.346142 0
-0.440734 -1.091063 1
-0.682561 0.591324 0
0.472288 1.491735 1
-0.276981 1.384886 1
-1.479962 -0.573916 1
1.207448 1.318533 1
-1.317845 0.468967 1
-1.159011 -0.074589 1
-0.674065 -0.712734 1
0.333276 0.348105 0
1.423839 1.257797 1
-0.457195 0.46795 0
-0.44684 -0.55581 0
1.377709 0.709737 1
0.415708 0.450698 0
-0.202921 0.468836 0
0.332974 -1.261519 1
-1.421395 0.862686 1
-0.265049 -1.299681 1
0.610066 -0.339201 0
-0.388872 1.370026 1
-1.448859 1.266815 1
-0.640352 0.823745 0
-0.704356 -0.942328 1
0.065277 -0.377689 0
-0.994434 -0.947453 1
1.057983 1.149139 1
1.272757 0.858755 1
1.229887 0.386807 1
-0.946299 -0.56368 1
0.523958 -1.274448 1
-0.840435 -1.19712 1
1.032474 -1.086383 1
-0.175832 0.511538 0
1.449115 -1.064767 1
-1.349386 0.307774 1
-0.290477 0.430083 0
0.507466 -0.515201 0
-1.193109 -0.382085 1
0.538766 1.100781 0
0.759357 0.457987 0
0.034745 0.464513 0
-0.304494 1.273857 1
0.466383 0.776418 0
1.044275 0.058025 1
-0.861031 -1.495102 1
1.364667 0.84559 1
-0.605646 -0.296734 0
-1.365366 -0.810883 1
0.095038 -1.083794 1
0.370044 -0.103763 0
-0.987556 -0.972451 1
-1.36266 -1.172064 1
-0.530926 0.628289 0
1.308642 0.253157 1
