0.473301 1.445284 1
1.484636 0.885279 1
-1.398709 -0.41404 1
-0.29451 0.216054 0
-0.074561 0.277042 0
0.663047 0.835169 0
1.210104 -0.752442 1
-0.947175 -1.065268 1
1.113341 -0.977213 1
0.410559 0.906662 0
0.204628 -1.378027 1
-1.34159 1.101472 1
-0.296103 0.005064 0
0.856172 0.217236 0
-1.236163 0.915078 1
-0.259858 -1.108748 1
1.421011 -0.523106 1
1.075743 -1.288654 1
-0.381403 -1.298713 1
-0.904658 -0.863116 1
-0.691951 0.249894 0
1.210631 1.410298 1
0.488177 -1.435282 1
1.066652 0.755142 0
-1.063911 -0.416913 1
0.006204 -0.355957 0
-0.388004 0.597267 0
-0.872314 1.050631 0
-0.500752 -1.419216 1
1.106664 0.446634 0
-0.096447 1.115304 1
0.087579 1.201322 1
-0.04102 -1.273785 1
-0.44047 1.460919 1
-0.878046 0.968309 0
-0.359237 0.376108 0
-0.181351 -1.394077 1
0.925577 -0.624762 1
0.757522 1.208118 1
0.226341 -1.297855 1
-0.560977 -0.989586 1
0.023561 -1.214291 1
1.31401 -0.737028 1
0.169034 -0.556384 0
1.25656 1.303028 1
0.331363 1.469415 1
-0.406602 0.938267 0
-1.256137 1.040215 1
1.094318 1.0856 1
-0.118782 -0.227767 0
-0.602731 -0.23362 0
-1.055699 1.075392 1
-0.116121 -0.660725 0
-0.683242 0.555705 0
-0.376319 -0.273385 0
-1.225139 0.025147 1
-0.661056 -1.175402 1
-1.424531 1.101067 1
0.712346 0.22481 0
1.134383 -1.374758 1
0.701499 -0.53583 1
-0.485849 -1.40833 1
1.347486 0.518402 1
-0.215893 1.214247 1
0.507466 -0.515201 0
-0.392905 -0.446485 0
0.667011 -0.437399 0
-1.429579 1.307162 1
1.040455 0.062707 1
1.084733 -0.542597 1
1.04003 1.48699 1
1.345204 0.57922 1
-0.012004 0.946442 0
0.365419 -0.072513 0
-0.642255 0.304426 0
-0.083619 -0.771555 0
0.884427 1.090472 0
-0.156444 -1.240445 1
0.9715 0.909826 0
-0.993426 -0.78722 1
1.486596 0.102608 1
0.50575 1.145177 0
0.017623 1.038738 1
0.481926 0.819276 0
0.196847 0.596362 0
-0.346804 0.79601 0
1.272589 1.182041 1
-0.19113 0.765903 0
-1.399746 0.63452 1
1.242111 -0.290837 1
-0.293406 1.294191 1
0.023564 0.505014 0
0.373862 -0.230906 0
-1.321894 -0.284338 1
1.240198 -0.6675 1
-0.530926 0.628289 0
0.081443 -0.295346 0
0.881887 1.384394 1
-0.572964 0.866092 0
-0.287023 0.283218 0
-0.809405 -1.092823 1
1.405756 -0.745423 1
-0.996403 0.789645 0
-0.573974 1.298148 1
1.210347 -0.435143 1
1.171975 1.05112 1
0.498051 -0.285327 0
-0.515095 -1.092988 1
-0.44684 -0.55581 0
0.130048 0.766003 0
0.073603 1.416181 1
1.464163 -1.304734 1
-0.257054 0.078034 0
0.359098 -0.641207 0
-0.060203 -0.877066 0
0.994011 1.456994 1
-1.01198 -1.179974 1
-0.476911 1.124089 0
-1.450071 0.691026 1
-0.357554 -0.39989 0
-0.069009 1.073586 0
0.019269 0.23001 0
-0.124988 -1.244693 1
-1.323714 -1.383801 1
0.153254 0.336919 0
0.788043 -0.282128 0
0.761867 -1.022313 1
-0.331787 -1.415781 1
-0.137169 0.022462 0
0.850636 -0.087918 0
-1.445053 0.248528 1
0.825453 -0.650639 1
0.624848 -0.926952 1
-0.060348 0.521317 0
-0.348342 -0.295956 0
-0.810673 1.467882 1
-0.346239 0.872849 0
-1.222753 1.329603 1
1.130383 -1.230457 1
0.963505 0.746679 0
1.005547 -0.426233 1
1.435117 1.459929 1
1.470531 -0.649831 1
-0.819886 0.478209 0
-0.891827 0.748982 0
1.326811 -1.074132 1
1.22705 0.527177 1
0.490398 -0.398356 0
-0.819046 -0.117775 0
0.010137 -0.586676 0
0.017836 -0.145818 0
-0.457607 -0.882696 1
1.165005 -0.398908 1
1.107083 -0.993295 1
-1.050931 -1.066179 1
-0.338252 0.618799 0
-1.436194 1.255346 1
0.588431 -0.071212 0
-0.555105 0.567629 0
-0.276981 1.384886 1
-1.180542 0.725639 1
-0.988402 0.774597 0
-1.216295 0.522265 1
1.033418 -0.954986 1
1.12438 0.065401 1
1.439145 1.198946 1
1.059438 0.328352 0
-0.992835 1.138063 1
-0.813013 0.155896 0
1.405354 -0.15477 1
-0.554209 -0.23821 0
-0.225024 0.105757 0
0.910818 1.36644 1
0.839481 -0.800815 1
-1.179407 0.564792 1
-0.941564 -0.382247 1
-0.759529 0.921726 0
0.415708 0.450698 0
-0.030161 1.391632 1
-1.288726 -0.876926 1
0.618647 1.352834 1
0.721699 -1.28317 1
-0.717838 -0.278475 0
0.66825 0.838464 0
1.46247 -0.104419 1
-0.199033 0.482636 0
1.328833 -0.235715 1
-0.95412 0.972237 0
0.445784 -0.911388 1
0.391146 -1.052456 1
-1.251386 -0.141942 1
-1.127253 0.399687 0
0.82333 -0.208818 0
0.503616 -1.392285 1
0.616089 -0.342553 0
0.338667 1.035629 0
1.289818 -1.147143 1
0.125886 0.524121 0
1.3309 0.164313 1
-0.429135 0.776163 0
-0.275376 -0.78883 1
0.260308 -0.78042 0
-0.112618 -0.577866 0
-1.349386 0.307774 1
-1.308629 -1.076292 1
-1.295281 -0.618867 1
-0.989915 -1.076888 1
0.519491 -1.007386 1
-0.483629 0.127662 0
-0.911376 0.390008 0
0.622544 0.490655 0
0.000663 -1.153767 1
-1.307943 0.51456 1
0.916946 -1.309403 1
0.774863 1.368487 1
1.259955 -0.426937 1
-0.409415 -1.401272 1
0.317269 -1.349804 1
-0.871925 0.87074 0
-0.363277 1.048211 0
0.047317 0.974866 0
1.229887 0.386807 1
0.248863 -1.327282 1
1.002284 1.088491 1
-0.853883 -0.237492 0
1.302074 1.228617 1
1.054293 -0.073885 1
-0.495778 0.181903 0
1.068273 -1.268771 1
-0.704356 -0.942328 1
-1.19981 0.492483 1
-0.483742 0.514387 0
-1.27556 1.22102 1
0.057618 -0.227845 0
-1.11026 -1.286882 1
-1.066828 -0.955292 1
1.495581 -0.712392 1
0.186289 1.092811 0
0.332653 -1.062649 1
-1.163667 1.236892 1
-0.821018 -0.287479 1
1.175411 -1.099774 1
0.829125 1.115849 0
0.873436 0.958637 0
-0.987556 -0.972451 1
-0.278537 -1.304444 1
0.822847 -0.035222 0
-0.246355 -0.603195 0
0.391241 1.112885 0
0.885146 -1.047654 1
0.961449 0.465077 0
-1.321844 0.981827 1
-0.188867 -0.500252 0
-0.906487 0.799975 0
-0.693961 0.259077 0
-0.002196 1.213837 1
-0.54171 -1.401749 1
1.340346 -0.433078 1
0.94073 0.261248 0
0.811319 -0.303026 1
1.171517 -0.113625 1
0.205368 0.358443 0
0.138924 -0.728959 0
1.268507 0.0007 1
-1.052295 -0.91624 1
0.516034 0.517566 0
0.858874 -0.807117 1
-0.036836 0.706191 0
-0.810919 -0.502054 1
0.211413 1.439794 1
1.273259 0.052197 1
-0.341828 0.433739 0
0.754214 1.288659 1
-0.081875 0.912487 0
1.380788 0.809012 1
0.33661 1.280401 1
0.57642 -0.318479 0
-1.059446 -0.658822 1
-1.380283 1.261219 1
-1.320153 0.963959 1
-1.142963 -0.253039 1
-0.67268 0.627879 0
-0.536437 -1.261526 1
-0.362528 0.926203 0
0.332974 -1.261519 1
-0.758967 0.401388 0
0.12137 -0.804013 0
-0.054486 -1.077881 1
1.121401 1.0967 1
1.344114 1.192348 1
0.625916 -0.296429 0
0.446081 1.012851 0
-1.291392 0.446412 1
0.452962 1.082187 0
-1.364173 0.319262 1
0.267179 0.19871 0
-0.175845 -0.805211 0
0.466383 0.776418 0
-0.003833 1.006373 0
0.26444 -0.046673 0
0.63526 0.533653 0
0.375013 0.605848 0
-1.09962 1.258501 1
0.731439 -1.244041 1
-1.498293 -1.290862 1
1.010284 -1.226486 1
1.14174 -1.023215 1
0.742801 1.37467 1
-0.461601 -1.227418 1
-0.196514 0.273299 0
1.113936 -1.009205 1
0.962028 -1.471338 1
-0.739392 -1.06184 1
0.898941 -0.048765 0
-0.047265 -1.169457 1
-0.185724 -0.47113 0
0.537168 -0.051271 0
0.726674 -0.18644 0
-0.878043 1.399321 1
-0.371258 1.460954 1
-0.74206 1.271849 1
-0.002166 0.190796 0
1.116456 1.457327 1
-0.946936 -0.231635 1
-0.521067 -1.258633 1
-1.0518 1.248243 1
-1.444856 -0.087786 1
0.82749 -0.6247 1
-0.861031 -1.495102 1
-0.439422 -0.722636 1
0.524831 0.318802 0
0.710136 1.143711 0
-1.29152 -1.397946 1
-0.325882 1.430827 1
0.829102 -0.938432 1
-0.409901 -0.784869 1
-1.056916 0.143081 0
-0.767962 0.280354 0
-1.284293 0.303119 1
0.949447 1.280713 1
0.271265 -1.467286 1
-0.085507 -0.294451 0
0.610066 -0.339201 0
-0.746794 -0.031529 0
0.641306 -0.213968 0
-1.47967 -1.422547 1
0.717535 0.428985 0
-1.342372 -0.229269 1
-0.54569 0.39616 0
-0.520308 -0.258197 0
0.962212 0.371124 0
-1.3827 0.955266 1
-0.583121 0.49973 0
-1.438559 -1.390926 1
0.497069 0.571977 0
-1.452356 -0.27965 1
0.651032 -1.222011 1
1.411707 1.14282 1
0.780641 -0.205001 0
0.719365 1.289584 1
-0.269998 0.908195 0
1.488935 -1.221124 1
-0.636066 1.117469 0
-0.720168 -1.327964 1
1.054418 0.964307 1
-1.311236 -0.968892 1
0.592421 1.143496 0
1.374848 -0.784181 1
-0.627039 -0.763676 1
0.025704 -1.189457 1
0.269849 -1.239459 1
-0.041018 -1.365437 1
-0.3384 -0.648153 0
-0.793619 -0.7009 1
1.13035 0.633755 0
0.063665 -0.790326 0
-0.901785 0.755227 0
1.032474 -1.086383 1
1.426435 -0.285546 1
1.073864 1.170367 1
-0.071946 -0.488614 0
-1.190476 -0.489312 1
0.022287 1.144216 1
-1.462358 -0.845109 1
-0.944335 0.810477 0
-0.8266 0.191463 0
1.380314 -0.655198 1
-0.949991 0.842746 0
1.173848 -0.757116 1
0.01382 0.352087 0
-0.275931 -0.076978 0
0.191134 -0.67889 0
-0.179692 1.321099 1
1.374904 0.131833 1
0.559918 0.170059 0
0.865518 -0.91558 1
-0.933163 -0.871497 1
0.97757 1.483146 1
-0.605646 -0.296734 0
0.010031 0.839092 0
1.016106 -0.844825 1
-1.188088 -1.169109 1
-0.138976 -0.654513 0
-1.249685 -1.331475 1
-1.313717 -0.851637 1
0.124457 1.36458 1
-0.511572 0.42776 0
-1.46274 0.126306 1
-1.28604 0.649831 1
0.845874 -0.130929 0
-1.389637 -0.821446 1
-0.75319 0.175671 0
0.926221 -0.64524 1
-0.621838 0.270939 0
-0.668343 -0.033947 0
1.094961 1.038754 1
1.309603 -1.320882 1
1.308642 0.253157 1
0.481435 1.310034 1
0.905651 -1.218176 1
0.387956 0.869852 0
1.354003 1.330748 1
-1.388767 -0.908005 1
0.307989 1.066067 0
-1.488485 0.910469 1
-1.311551 -0.353741 1
0.575674 0.739159 0
-1.141561 1.414955 1
0.435265 -0.919755 1
-1.005578 -0.211782 1
0.94104 -1.143131 1
-0.857019 -0.169582 0
-0.058843 1.058235 0
0.845623 0.922391 0
-0.166409 -1.341164 1
1.105891 -0.324322 1
0.533226 1.291964 1
0.096824 -0.277428 0
-0.0319 0.540897 0
-0.513293 -1.13574 1
0.10819 -0.766291 0
-0.974007 0.086489 0
0.873906 -1.400013 1
-0.012101 0.021406 0
-0.979929 0.804294 0
-0.0581 1.229471 1
0.746107 0.079891 0
0.765197 -0.643352 1
0.132118 -1.496068 1
-0.547712 -0.374889 0
-1.436305 0.160554 1
-0.362373 1.40879 1
-1.482472 -1.394242 1
-0.225208 1.32498 1
-0.911638 -1.263221 1
0.366225 -1.24098 1
1.364667 0.84559 1
1.469106 -0.82256 1
0.403035 -0.680069 0
0.263026 -1.47978 1
1.286131 0.797785 1
0.472288 1.491735 1
-1.240222 0.84958 1
1.2542 1.437992 1
1.388302 1.443465 1
0.687886 0.701777 0
0.339023 0.224897 0
0.359245 -0.777219 1
-0.775979 0.893712 0
-0.660958 -1.238042 1
-0.537566 0.118277 0
0.226331 0.96268 0
0.752971 -1.04411 1
-0.723795 -1.322095 1
1.479337 -1.030145 1
-0.163049 -1.154672 1
-0.460921 -0.859067 1
0.308215 -0.218632 0
1.363947 -0.311177 1
-0.285353 0.99924 0
-0.457195 0.46795 0
1.060318 0.143666 0
-1.208335 -0.541924 1
0.014473 -0.89981 0
-1.145541 -0.244077 1
-1.431325 -0.563194 1
-0.344534 1.463244 1
-1.150381 0.990372 1
1.00266 0.203168 0
-1.251998 -1.209116 1
0.916299 1.044837 0
-0.457574 -0.823372 1
-0.442618 -1.440238 1
-0.421765 1.458164 1
-0.023621 -1.37594 1
0.823291 0.714057 0
0.934263 1.321657 1
-0.222066 1.168031 0
1.325725 -0.979749 1
-1.349116 -1.302438 1
-1.323657 0.291956 1
-0.974611 0.623776 0
-1.464973 -0.136732 1
0.259728 1.226015 1
-1.079116 1.106544 1
1.47558 -0.801242 1
0.717318 -1.285218 1
-0.471308 0.455731 0
0.697539 -0.511506 1
-0.98552 -0.0554 1
0.206445 -0.571893 0
-1.125667 0.095329 1
0.983811 1.243311 1
1.10317 -1.295194 1
0.133375 0.134412 0
1.132208 -0.694329 1
-1.376399 0.543423 1
-0.676477 -0.610787 1
0.634602 -1.461594 1
0.066266 0.541614 0
1.256352 -1.368853 1
-0.582796 -1.036043 1
1.082263 -1.299552 1
0.82653 0.402261 0
0.589271 -1.328663 1
1.322229 0.511038 1
-0.644888 1.12352 0
0.905168 1.015745 0
-0.037718 1.094522 1
0.319378 -1.220186 1
0.725648 -1.226285 1
0.009838 1.063522 1
-0.877873 1.062614 0
1.460063 0.592048 1
-1.372076 -1.220042 1
-1.410698 -1.047701 1
-0.638787 -1.1095 1
0.256754 0.990734 0
-1.067033 -0.350112 1
-0.421396 0.636684 0
-0.555356 1.289116 1
0.34299 0.428707 0
0.191075 1.239816 1
1.486614 0.876211 1
-0.96122 -0.035925 0
-0.666111 -1.220454 1
-0.516233 0.092554 0
0.569148 -0.348902 0
1.261343 1.317391 1
0.900815 0.030902 0
-0.799321 0.165123 0
-0.364193 -1.168704 1
0.235269 0.615816 0
1.27183 -0.07528 1
-1.324583 0.506732 1
0.669597 1.170778 0
-0.419395 0.908168 0
-0.005986 -0.366395 0
0.594352 -0.00791 0
-0.155593 -0.654308 0
-0.412666 1.402681 1
-1.148245 -0.22326 1
-0.662125 -0.702119 1
1.186701 -1.209529 1
0.383148 -0.011883 0
0.322347 0.556873 0
-1.180717 -0.243712 1
0.157583 -0.905747 1
0.434817 -1.139823 1
0.110931 0.42451 0
0.35521 -0.986489 1
-1.259206 -1.104404 1
1.300039 0.902143 1
0.798058 1.3774 1
1.404017 0.765873 1
-0.215496 0.518489 0
0.043051 -1.093564 1
-0.883897 1.161111 1
-1.388049 -0.132631 1
0.64385 0.402599 0
1.272757 0.858755 1
0.413507 -1.05168 1
1.079083 0.056366 1
1.279051 -0.806029 1
0.558787 -0.261128 0
-0.361163 0.670138 0
1.207448 1.318533 1
0.630881 0.984408 0
-1.166292 0.437514 1
-0.47611 -1.183733 1
-0.616689 0.212439 0
0.520032 0.207077 0
-0.097193 0.644899 0
-0.569402 0.512977 0
0.493869 -0.610396 0
-1.255988 -0.826336 1
1.174778 1.323086 1
-1.110091 -0.412666 1
-0.188844 -1.276295 1
1.236172 -1.051134 1
1.212709 -1.291926 1
-0.290477 0.430083 0
0.192833 -1.05063 1
1.193574 1.196415 1
-1.459193 0.808711 1
-1.286147 0.848123 1
0.631877 0.962102 0
0.534147 0.73795 0
1.421646 0.531058 1
1.286628 0.352153 1
-0.027761 1.432832 1
-0.570521 -1.017316 1
-0.911124 1.129585 1
-0.559607 1.413267 1
-0.479075 0.101557 0
1.152648 -0.063529 1
0.968623 0.664156 0
-1.396106 -1.450133 1
1.380643 1.183104 1
0.99326 0.847095 0
-0.010439 -0.43104 0
-0.829326 -0.907707 1
-0.086312 0.411339 0
-0.97121 1.422288 1
-0.973807 -0.687273 1
-1.422091 -0.966192 1
-0.046555 -0.487979 0
1.418012 0.57264 1
0.413278 0.892601 0
0.784593 -0.427555 1
-0.588917 0.515181 0
-0.085123 -0.045053 0
-1.365366 -0.810883 1
0.514558 -0.190669 0
0.218963 -1.023193 1
-0.4019 0.097824 0
-1.330047 -1.279258 1
-0.397352 -0.107077 0
-1.411891 -1.323595 1
0.215227 -0.54257 0
-0.802032 -0.7125 1
0.126146 -1.497809 1
0.582268 0.683341 0
-1.342833 0.739805 1
-0.836663 -0.663807 1
-1.065718 0.206724 0
1.352943 0.27749 1
-0.116061 -0.145013 0
-1.06116 0.793596 0
1.011238 -0.16664 1
-0.304494 1.273857 1
0.862601 0.049197 0
-0.286093 0.878798 0
-1.400071 -0.740355 1
-1.453285 0.751164 1
1.178726 0.123614 1
1.499767 0.661564 1
0.364634 0.73189 0
0.721238 0.978635 0
-1.058451 -0.488679 1
1.08613 -0.753813 1
-1.057628 0.219863 0
0.669449 -1.203358 1
-0.026886 1.378052 1
1.340546 0.054416 1
1.258903 -0.435996 1
1.29861 -0.124391 1
-0.008606 0.710359 0
-1.223955 0.401002 1
0.524998 0.360905 0
1.443747 -0.892843 1
-0.483885 1.331408 1
0.428892 1.357433 1
0.167384 -0.617593 0
1.21773 0.925604 1
0.909086 0.667093 0
-0.937399 -1.205314 1
0.588238 -0.746288 1
0.78638 -0.566868 1
0.723087 0.136041 0
0.38064 0.605694 0
-1.189809 -0.313896 1
0.377792 -0.464631 0
-1.258369 -0.866279 1
1.155374 0.705808 1
-0.949417 0.532016 0
0.496684 -1.204282 1
0.820615 0.894703 0
0.573364 0.778173 0
-0.666866 0.35399 0
-0.130754 -0.584222 0
-0.376701 -0.790457 1
0.799164 -1.353469 1
-1.255462 0.509673 1
0.599488 -0.402628 0
0.03624 0.392355 0
-1.206303 0.110891 1
-0.137469 -0.189822 0
-0.49364 -1.421889 1
1.217821 -0.367565 1
0.98109 1.212199 1
-0.270037 0.552254 0
0.379371 -1.214535 1
-1.467488 -0.478348 1
-0.74085 -0.825673 1
0.014131 0.60026 0
-0.929873 0.559105 0
-0.908373 0.797527 0
-0.250612 1.423659 1
-0.519341 0.493719 0
0.644817 0.646854 0
-0.942767 -1.14357 1
-0.642199 1.41521 1
-0.58041 1.035903 0
-0.192774 -0.073639 0
-0.086359 1.269361 1
-1.181036 -0.495028 1
-0.894639 0.106192 0
-0.420942 1.481008 1
0.777381 1.269607 1
-1.352155 -1.388851 1
0.380277 -1.081482 1
1.462674 0.091664 1
0.409465 -0.357061 0
0.766142 0.43284 0
-0.319917 -0.958677 1
0.248368 1.2024 1
-0.697061 -1.292105 1
-0.46942 1.466995 1
-0.552889 -0.610877 1
0.414429 0.311267 0
-0.614966 0.50759 0
-1.483188 0.80941 1
0.842664 -1.097524 1
0.245932 1.371974 1
1.146768 -1.249738 1
0.631127 0.014622 0
-1.296551 0.681445 1
-1.319151 -0.655057 1
0.569283 -1.329423 1
1.157162 -1.044883 1
-0.930098 -1.010344 1
1.433487 -0.561537 1
-0.548899 0.702755 0
0.441223 -0.831412 1
-0.684308 0.759739 0
-0.775874 0.135657 0
1.007646 0.294389 0
1.476138 0.440859 1
0.236934 0.22296 0
-0.714345 -0.45933 1
0.916506 0.684819 0
-1.340619 0.600702 1
-0.749398 0.247805 0
-1.426648 -0.139329 1
1.352398 0.805518 1
-0.833037 -0.521152 1
-0.899673 0.374971 0
1.031733 -0.930001 1
-1.383096 1.019953 1
-1.144117 -0.975814 1
1.184237 0.769697 1
0.373731 0.769192 0
-0.126971 -0.323145 0
0.568683 -1.46294 1
-0.868695 0.156687 0
-1.41706 -0.913006 1
-1.159011 -0.074589 1
-0.584116 -1.464185 1
0.523958 -1.274448 1
0.454168 0.518555 0
0.719366 0.306215 0
-0.629027 -0.759597 1
0.447151 -0.626854 0
0.03372 1.499255 1
0.618629 -0.888377 1
-1.273763 -0.6353 1
-0.573928 -1.013554 1
-0.491746 1.104847 0
-1.150933 1.355815 1
-0.395532 -1.282988 1
1.318951 1.480845 1
-0.175832 0.511538 0
-1.171106 -1.415476 1
-0.396696 -0.206429 0
-0.181185 -1.448297 1
0.538766 1.100781 0
-1.251151 1.110244 1
0.175429 0.560063 0
-0.083625 -0.704326 0
0.299975 -0.632288 0
0.014835 0.382207 0
-0.434935 0.434166 0
0.966016 -1.129302 1
-0.743392 -0.369774 0
-0.770726 -1.320984 1
0.313601 -0.08516 0
0.324941 0.371857 0
1.382106 0.853024 1
-1.239219 0.409602 1
-1.036033 1.465173 1
0.152245 0.405183 0
-0.678037 -1.070065 1
-0.767059 -0.633973 1
1.170621 0.569279 1
-1.224774 -0.150128 1
-0.680983 1.093539 0
-0.749572 -1.126358 1
-0.292056 -0.805786 1
0.356485 -1.204696 1
1.044987 -0.086893 1
-0.457866 0.656302 0
-0.907053 0.672301 0
-0.467343 -0.124251 0
-0.585959 -0.641832 1
-1.088922 0.297913 0
0.759357 0.457987 0
1.373787 0.180736 1
1.156241 0.625599 1
-1.296574 1.47691 1
-0.186018 1.012804 0
1.099115 1.224128 1
0.275935 -0.993636 1
0.881776 -0.69019 1
-1.299486 -0.966019 1
-0.794022 1.160025 0
0.732998 -1.312038 1
-0.373551 -0.833689 1
0.019315 0.423176 0
0.934252 1.311339 1
-0.493295 -1.056548 1
1.255553 -0.725832 1
0.293637 0.135447 0
-0.496374 -0.556171 0
0.899109 0.154855 0
-0.019518 -1.487422 1
1.230767 1.39714 1
1.07899 0.677025 0
-0.252133 0.974561 0
-1.145549 -0.186952 1
-0.722172 0.180121 0
0.066881 1.338724 1
0.742415 1.39818 1
-0.091171 -1.325145 1
-0.50554 0.826402 0
-0.577613 -1.157886 1
-0.514852 -1.362833 1
-0.354106 0.47986 0
-0.020224 0.187892 0
-0.391753 -1.02127 1
0.121315 -0.785487 0
0.564987 -1.06077 1
1.476773 0.382037 1
-1.188784 0.360567 1
0.533069 -1.318607 1
1.234206 1.349986 1
1.057983 1.149139 1
0.747121 -1.149576 1
-0.187739 0.743507 0
-1.417144 -0.600244 1
0.260263 -1.140853 1
0.462258 -0.396526 0
-0.367719 0.669627 0
0.955905 -1.44838 1
0.000929 0.899647 0
0.709928 -0.624461 1
-1.438259 -0.713429 1
-0.787397 0.323226 0
-1.224663 0.606183 1
1.150222 -0.244408 1
-0.231326 -0.156972 0
0.691352 0.379164 0
0.807866 -0.159572 0
-0.804018 1.302295 1
1.217434 -0.261586 1
-0.23636 -0.499634 0
0.920815 1.161678 1
0.035663 -0.476142 0
-0.17507 0.278073 0
-0.093241 1.378946 1
0.065277 -0.377689 0
0.996485 -0.00238 0
-0.137953 1.302817 1
-0.230692 1.33054 1
-1.334486 0.406142 1
-0.685382 -0.868242 1
-1.40116 0.379702 1
0.901212 0.447571 0
-0.01615 -1.423665 1
1.488182 -0.981736 1
1.425977 1.447553 1
0.538856 0.328245 0
-1.457853 1.073943 1
0.980501 0.478148 0
-0.171295 0.363535 0
-1.365165 0.157253 1
-0.731691 -0.146698 0
1.188298 0.705095 1
0.76649 0.794989 0
-1.118789 -0.065534 1
-0.323081 0.751363 0
0.188992 0.315906 0
-0.53609 -0.038687 0
-1.383401 -0.449929 1
0.721304 -0.629848 1
-0.108073 -0.534672 0
0.879631 -0.026086 0
0.581713 1.168229 0
0.389069 -0.792913 1
-1.308469 -0.987843 1
0.460564 -1.170641 1
1.473005 0.092686 1
0.592724 -1.440692 1
0.936981 -0.361011 1
-1.331902 0.433299 1
-1.327455 -0.587628 1
0.729519 -0.93998 1
-0.846879 0.950474 0
1.226711 0.967022 1
1.370109 -0.986452 1
-1.490566 0.845467 1
-1.277909 1.071912 1
-0.682561 0.591324 0
-1.356974 -0.300857 1
-0.644464 0.110546 0
-0.168349 -1.367723 1
-1.293473 1.375517 1
0.932514 -0.832528 1
0.174643 -0.390917 0
-0.840435 -1.19712 1
-0.640352 0.823745 0
-0.990108 -0.023176 1
0.662997 1.302135 1
0.270231 -0.029386 0
-0.07501 -1.437279 1
0.357115 -0.754526 1
-0.674065 -0.712734 1
-0.092532 0.057854 0
-1.491509 -1.449888 1
-0.71765 -0.92622 1
-0.653368 -1.215485 1
0.942443 -0.226802 1
1.481647 0.647183 1
0.6962 -0.187664 0
-1.281123 0.635634 1
-0.984333 -0.635098 1
1.060177 1.337872 1
0.872997 1.283074 1
-0.626346 0.406982 0
0.295473 -0.36928 0
-0.48721 -1.044214 1
0.390663 1.42321 1
1.14297 -0.239223 1
1.352425 -1.005898 1
-0.117445 1.443193 1
0.501344 0.886904 0
0.451347 0.653415 0
1.005493 -0.657312 1
-0.589309 0.482709 0
-0.427024 -1.443467 1
-0.556575 0.105314 0
-1.235172 -0.873205 1
1.021499 -0.914711 1
0.615664 -1.474904 1
0.683453 0.14413 0
0.076415 -0.451702 0
0.51522 -0.895915 1
-0.961975 -0.036522 0
-0.054588 0.449381 0
0.717606 -1.205743 1
-0.47847 0.308047 0
1.198034 -1.162176 1
-1.175639 -0.980462 1
-0.742444 1.049866 0
0.184514 -0.85933 1
-0.567994 0.228098 0
1.372047 0.78612 1
0.174695 0.640215 0
1.31784 -1.2411 1
-0.543554 -0.836133 1
1.479129 1.12288 1
-0.360322 0.00593 0
-0.428351 0.380994 0
1.118624 0.34806 0
-0.067607 0.734965 0
-0.696158 -0.129406 0
0.3955 -1.393864 1
-0.337085 1.33933 1
1.141362 1.107041 1
-0.235483 -0.487421 0
-0.607079 0.569918 0
-1.235302 0.814441 1
1.282124 -0.879129 1
0.272758 1.156155 0
0.843722 0.485718 0
0.908887 -0.771451 1
0.023169 -0.836954 0
-1.235448 1.069697 1
1.474345 0.071275 1
-1.206924 0.946776 1
1.463843 1.08283 1
1.361338 -0.017316 1
-0.715424 -0.950665 1
0.226634 -1.477342 1
-1.424453 -0.840727 1
-1.353612 1.262849 1
1.284587 -0.374833 1
-0.940121 0.182396 0
0.085144 -0.964861 1
-0.042791 -0.621261 0
-0.455373 1.012596 0
-0.407097 0.077941 0
0.668614 1.266042 1
-1.012672 0.080169 0
-1.415887 -1.202282 1
-0.618839 -0.327982 0
0.295686 -1.069458 1
-0.822468 -0.125335 0
0.594449 -1.171622 1
-0.673546 0.401239 0
0.315491 0.234641 0
0.415535 1.370281 1
0.25839 -0.022635 0
-1.264836 0.120244 1
0.481865 1.124354 0
-0.165662 1.21413 1
-1.152943 0.656351 1
0.670146 0.771717 0
0.333276 0.348105 0
0.899154 -0.969117 1
0.399706 0.875508 0
1.496543 0.157104 1
-0.373662 -0.012836 0
-0.564782 -0.057465 0
1.39454 1.338125 1
0.524886 -0.059293 0
0.000956 1.380347 1
-0.539079 0.561543 0
0.119836 -0.124548 0
0.339963 1.263337 1
1.490123 -1.439124 1
-0.908443 1.258585 1
-0.157255 0.39138 0
0.944907 -1.397927 1
0.492891 -0.581697 0
0.232089 -0.613594 0
-0.455333 0.70894 0
0.296476 0.69939 0
1.003459 1.012211 1
-0.786045 -0.393753 1
1.431521 -0.954629 1
-1.000479 -0.541202 1
1.037121 1.054551 1
0.041422 0.841642 0
1.276643 0.986487 1
-1.390064 -1.451515 1
1.181341 0.412555 1
0.819752 -1.157688 1
-1.412967 -0.705104 1
-0.208923 -1.057231 1
-0.018244 0.87679 0
0.482887 0.511914 0
1.441575 -1.129785 1
-0.999761 1.460606 1
-0.317475 0.997456 0
-1.05255 0.685479 0
-1.006651 0.059254 0
0.883293 1.394305 1
1.209205 -0.999686 1
0.5711 1.342472 1
-0.257849 -0.101065 0
0.324001 1.032712 0
-1.108515 0.877795 1
-1.346288 -0.873124 1
-1.164613 -0.520033 1
-1.159804 -1.121106 1
0.185137 -1.067312 1
0.385613 0.97436 0
-1.429965 1.415465 1
-1.324038 -0.776901 1
-0.680017 -0.703419 1
-0.369749 -1.225307 1
-0.42474 -0.736345 1
0.813194 1.240312 1
1.440673 -0.605363 1
0.686969 -1.000977 1
1.230523 -1.302085 1
-0.483821 0.470104 0
0.681205 -1.390883 1
0.98088 0.113418 0
-0.021289 -0.489602 0
0.797151 -1.237271 1
0.558924 -0.713484 1
1.012013 1.186091 1
0.054732 1.418494 1
-0.272968 0.836246 0
-1.418263 -1.414359 1
0.208369 0.832346 0
0.712252 -0.502401 1
1.157674 -0.57966 1
0.234713 0.02812 0
-1.195622 0.645302 1
0.866403 -1.350109 1
-0.625224 0.235011 0
-0.221872 0.456371 0
0.004268 0.204519 0
1.013218 -1.479829 1
0.756453 0.253187 0
0.658738 0.648029 0
1.029785 -0.88915 1
-0.66829 -0.865712 1
-0.675667 -1.316071 1
-0.292554 0.896971 0
-1.103581 -1.401056 1
-1.184842 0.22056 1
1.244264 1.352392 1
-0.928851 -1.052151 1
1.475061 0.397582 1
-1.413735 1.327318 1
-1.274232 0.279213 1
1.02411 -1.071004 1
-0.414583 -1.103224 1
-0.412132 -0.74869 1
-1.077983 0.196268 0
-1.366593 -0.790384 1
-0.916821 -0.904653 1
0.368525 -1.09621 1
0.909231 -0.409589 1
0.712939 -0.310464 0
-0.090566 -0.389886 0
-0.00288 1.380135 1
-0.422717 -0.74829 1
0.128044 0.848098 0
-0.727876 0.979204 0
-1.062312 0.821336 0
-1.370831 -1.372524 1
-1.266949 0.352924 1
-1.432772 -1.349733 1
-0.622495 -0.620597 1
-1.200561 0.035306 1
-0.424098 -0.878247 1
-1.103844 0.815433 1
0.979968 -1.008567 1
0.689834 -0.602212 1
-0.661492 -0.829278 1
1.398244 0.436215 1
-0.414669 0.711128 0
-0.820795 -0.449063 1
0.932512 -0.557172 1
0.049615 -0.926187 0
-1.337711 -1.082564 1
-1.178306 1.081875 1
-0.65793 -0.595353 1
-0.591422 0.296876 0
-0.984579 -1.390177 1
-1.19256 -1.085709 1
0.843486 -1.28432 1
0.125358 -0.531716 0
0.48491 0.958466 0
0.7148 -0.01069 0
0.10087 -0.434709 0
-1.046777 0.78186 0
0.058548 0.694354 0
-0.817009 1.418672 1
-0.430529 0.775466 0
0.537609 0.932732 0
-0.362488 0.49348 0
1.374653 -0.944926 1
0.128571 -0.884098 1
1.248013 1.326352 1
-0.172057 0.265856 0
-1.289569 0.122366 1
-0.946299 -0.56368 1
0.941081 0.164538 0
0.82911 1.278767 1
0.175537 -0.24961 0
-0.144253 1.466365 1
1.114354 0.487709 0
1.010243 -0.945847 1
-0.358911 0.549332 0
-0.843953 1.155263 1
0.391281 0.418126 0
0.79518 -1.395202 1
0.739883 -0.689187 1
0.259576 1.420908 1
-0.47886 -0.457185 0
1.418053 0.939915 1
-0.498336 -0.887136 1
1.177367 0.583465 1
-0.869317 -0.046835 0
-1.235135 0.152229 1
-0.322362 0.244696 0
0.276241 -0.741389 0
0.68416 -0.296141 0
-0.818925 0.896253 0
0.48583 0.907486 0
1.079958 0.319705 0
-1.491062 0.562989 1
0.07985 -0.176249 0
1.498532 -0.006315 1
0.643595 0.185507 0
-1.281272 1.424966 1
-0.053152 0.637263 0
0.38115 0.164922 0
-1.036431 -1.436693 1
-1.079332 1.093389 1
-1.471892 1.136331 1
1.297422 0.889514 1
-0.100525 -1.376758 1
-0.73679 -0.346142 0
1.246573 1.079312 1
1.277629 1.0663 1
0.960641 0.846412 0
0.305713 1.347168 1
-0.709393 0.606052 0
-1.105338 0.675093 0
-1.22448 0.20611 1
-1.468864 -0.577571 1
0.835616 0.28543 0
1.040511 1.313141 1
0.728458 -0.582781 1
0.631757 0.236419 0
0.948304 1.123617 1
-1.41111 -0.179597 1
-0.576255 -0.260902 0
0.884372 -0.670527 1
1.21177 -1.134905 1
0.537865 0.289771 0
1.22843 -0.556938 1
-0.514215 -1.081826 1
-1.108112 1.266133 1
0.493247 -0.78088 1
0.878983 0.986485 0
-0.024016 -0.45806 0
0.193216 0.03024 0
0.486112 -0.853087 1
1.191711 -0.858638 1
0.456454 0.843985 0
-0.860487 -0.443486 1
-1.278503 -0.977344 1
0.355629 -0.8098 1
1.183442 -0.703716 1
1.15897 -0.948972 1
-1.017296 -0.412334 1
1.06921 1.072194 1
-1.040953 -0.8187 1
0.900528 0.290233 0
0.711355 1.239725 1
-0.018943 -1.103002 1
0.848085 0.898352 0
-0.152629 0.329033 0
-0.429494 0.992138 0
0.207173 -0.030165 0
-1.177929 0.825487 1
-0.425574 0.497646 0
-1.31302 0.851436 1
-0.440734 -1.091063 1
-1.030944 0.853205 0
1.409002 -0.392342 1
1.457613 0.64362 1
0.860736 -1.28098 1
1.0391 -1.493097 1
0.01454 -1.35468 1
-0.4575 0.998485 0
-1.360378 0.258815 1
1.12403 -0.021209 1
-0.279111 -0.321788 0
-1.076397 -0.304278 1
-1.179617 0.579885 1
-0.562061 -0.154843 0
1.0909 1.028739 1
-1.003807 -0.290251 1
-1.213544 -0.221817 1
0.670357 0.314756 0
0.340633 -0.993423 1
-0.867471 -1.191311 1
-1.352009 1.036128 1
0.773685 -0.234299 0
1.488332 -0.575329 1
0.60829 -0.120539 0
-0.352456 -0.114486 0
0.559892 0.12818 0
0.470511 1.473724 1
0.661947 1.483871 1
1.433534 -1.478655 1
1.377709 0.709737 1
0.71112 -0.831376 1
-0.136922 -1.119417 1
1.116268 0.021099 1
-1.329195 -0.884054 1
-1.079514 -0.299513 1
-0.456452 1.347909 1
-0.789216 -0.429533 1
0.687717 -0.940335 1
-0.561369 -0.611078 1
0.571771 1.281916 1
-0.220081 -0.335958 0
-1.094523 1.160576 1
0.246534 -0.199517 0
0.819978 -1.010795 1
0.332458 -0.035076 0
-0.227512 0.616844 0
-0.033519 -1.002684 1
-0.053794 -0.406037 0
1.397315 0.829309 1
1.044549 -0.329311 1
-0.328469 0.0722 0
0.848064 1.115127 0
-0.918488 -0.947527 1
-0.464347 -0.468117 0
-1.347994 0.391168 1
-0.365588 -0.967594 1
0.685914 -0.635719 1
-0.816866 -0.749601 1
0.624353 0.710253 0
-0.486837 0.490935 0
0.430844 1.273613 1
0.674486 -0.318936 0
1.020438 0.369319 0
-1.051811 -0.397401 1
0.623188 0.256705 0
-0.867961 -0.07812 0
-1.163056 0.859653 1
0.535145 0.75419 0
0.83758 1.234938 1
-0.113008 -0.855832 0
-0.397783 1.19499 0
-1.373839 -1.307809 1
-1.255402 -0.017671 1
1.063841 1.389637 1
-1.017077 -0.097133 1
1.314749 -0.691062 1
1.499313 1.092598 1
-0.156842 1.181048 1
0.112601 0.874478 0
0.845089 -0.500702 1
-1.316329 -1.025565 1
0.125771 0.980201 0
1.416272 -0.718972 1
1.322378 -1.084463 1
-0.587526 -0.354596 0
-0.54089 -0.034703 0
0.636013 0.289417 0
-0.09632 -0.568445 0
-0.599814 0.037739 0
-1.37035 -0.836623 1
-0.830582 -0.902744 1
-0.313816 1.427016 1
1.430534 -0.115154 1
-0.739759 -0.452778 1
-1.421395 0.862686 1
0.571285 0.57445 0
1.463939 0.111766 1
-1.109441 -1.440356 1
1.385778 1.176002 1
0.601146 -1.403945 1
0.54009 -0.590698 1
1.079297 -0.536287 1
-0.47096 0.228433 0
-0.293382 -0.554191 0
-0.939987 -0.540694 1
-1.124571 0.635866 0
-0.775478 0.20678 0
1.193229 -1.400304 1
0.808317 0.927513 0
-0.721181 1.46703 1
-0.054024 0.463136 0
-0.496595 1.487828 1
0.335473 0.886624 0
0.29553 -0.816173 1
0.654856 1.165856 0
1.47507 1.473133 1
0.200126 -1.127364 1
-1.344566 0.248816 1
-0.277278 1.26966 1
-1.027175 -0.606691 1
-0.055653 1.195147 1
0.975941 -0.37627 1
-1.195601 -1.207584 1
0.980444 -1.184471 1
0.846209 0.903212 0
1.443336 0.407412 1
1.265279 -1.020104 1
0.493949 0.326236 0
0.603458 -1.124628 1
0.228263 0.535954 0
0.469796 0.968608 0
-0.067351 -0.355778 0
-0.272953 -0.89672 1
-0.508103 -0.412524 0
-0.288939 -0.774616 1
0.257692 -1.252114 1
0.783904 -0.49347 1
0.30144 0.749011 0
-0.978164 0.957317 0
-1.484272 0.596435 1
1.098789 -1.164902 1
-0.033644 -1.217775 1
-1.238055 -0.092037 1
-0.653373 1.099474 0
-1.085568 -0.5266 1
0.57978 0.460049 0
-0.442312 0.262548 0
-0.97271 -0.102432 1
0.45722 1.05244 0
0.168871 0.729879 0
1.208268 -0.654086 1
-0.247521 0.193524 0
0.653899 -0.468124 0
-1.410218 -1.298549 1
-1.398083 -0.930097 1
-0.229452 -1.423335 1
-0.284184 -0.042295 0
-0.126493 -1.433011 1
-0.411363 0.565553 0
1.214311 0.670836 1
1.080511 -0.428202 1
-0.852214 0.182424 0
-0.524977 -1.228123 1
-1.402392 0.503879 1
0.659305 -0.622898 1
1.11746 1.057658 1
-1.190875 -1.103319 1
1.044275 0.058025 1
-0.54582 -0.899876 1
0.013283 0.854626 0
-0.377167 -0.427031 0
0.111011 1.410322 1
0.155453 -0.698929 0
1.151928 -0.378779 1
0.816683 -0.636857 1
-0.324017 1.181373 0
0.841756 1.33408 1
0.636747 0.663996 0
1.256233 0.690137 1
-0.623167 0.687052 0
-0.775965 0.980504 0
1.346608 -1.257538 1
0.830074 -0.759637 1
0.199765 0.033704 0
0.331628 0.020567 0
-1.271317 -1.012633 1
1.082365 -1.264083 1
1.49425 0.619868 1
0.199238 0.69902 0
-1.114007 0.859853 1
-1.062624 -1.339303 1
-0.663288 -1.152522 1
0.612381 -0.099189 0
0.963721 0.28002 0
-1.127557 -1.430715 1
-0.334796 0.090794 0
0.516714 -0.075218 0
1.306928 -0.450703 1
0.868352 -1.349696 1
-0.450524 0.083272 0
1.474556 1.206367 1
0.778502 0.53915 0
-0.994434 -0.947453 1
0.556852 -1.076974 1
-0.010253 -0.666473 0
-0.823452 0.287017 0
0.153935 0.233141 0
1.4317 -0.767833 1
-0.353498 0.04725 0
1.267676 0.129761 1
0.386759 -0.877509 1
-0.66217 0.417163 0
0.862749 0.506563 0
0.70835 1.496547 1
-0.828491 0.145833 0
-0.450311 -1.491182 1
-0.899224 0.123404 0
-1.211049 -1.410253 1
-0.892496 1.27697 1
0.942968 -0.228028 1
0.306518 -0.20929 0
1.452417 -0.913609 1
-1.208268 -0.025022 1
1.199975 -1.324633 1
0.759842 -0.664912 1
0.63991 0.929952 0
-0.588893 -0.538054 1
-0.710824 -0.652244 1
1.382803 -0.515055 1
0.385241 0.135246 0
1.479487 -1.163611 1
-1.337049 -0.290592 1
-1.407513 -0.623985 1
-0.518699 1.156653 0
-1.137327 1.425058 1
-0.482669 -0.534702 0
-0.276516 -1.458189 1
0.040525 0.668789 0
-1.170321 1.073713 1
0.3607 -1.075046 1
0.523927 0.220452 0
1.354212 -0.67649 1
-0.841386 -0.844001 1
0.585072 0.324388 0
0.850102 -0.134503 0
-0.564429 0.191757 0
-1.222667 -0.76712 1
-0.481753 -0.936663 1
-1.138029 0.597692 1
-1.486077 -1.283856 1
0.373115 0.331531 0
-0.181957 -0.259549 0
-1.429098 -0.457668 1
0.218051 0.861561 0
-0.129131 -0.740706 0
1.165229 0.299505 1
0.274632 1.01058 0
0.151599 0.163759 0
-0.872677 -0.564424 1
0.724662 -0.710932 1
-0.305713 -1.102604 1
1.068746 -0.738896 1
1.257901 -0.45873 1
-1.074252 0.934287 1
0.625742 -1.217129 1
-0.099953 1.236248 1
1.498233 0.606081 1
-1.08144 -1.246588 1
-1.10211 -1.361001 1
1.225556 0.382625 1
1.449115 -1.064767 1
-0.097483 0.457444 0
0.237244 -0.10518 0
-0.353547 1.115582 0
-1.289272 -0.502494 1
-1.431312 -0.831749 1
-0.584432 -0.845916 1
0.890049 1.32281 1
-0.84567 0.550218 0
-0.805255 -0.066512 0
-1.240092 0.816161 1
0.868727 -0.17482 0
-1.450329 1.280008 1
-0.656971 0.198502 0
-0.3802 -0.895234 1
0.071038 0.584503 0
0.997743 -1.282102 1
0.481837 1.077327 0
-0.058604 1.494912 1
0.1599 0.675854 0
0.132496 0.05093 0
-1.448859 1.266815 1
0.245106 -0.235492 0
-0.589723 -1.263723 1
-1.442221 -0.134207 1
1.117585 0.023193 1
1.445501 0.151248 1
0.988269 -1.059845 1
-0.694764 0.920199 0
-0.514056 0.24878 0
-1.148993 1.226089 1
0.534967 0.317069 0
-0.429523 0.407809 0
0.378219 1.393806 1
-1.280157 0.365604 1
1.207649 -0.265828 1
-0.412769 -1.330784 1
-1.070519 -0.781726 1
1.426876 -0.266845 1
-0.056662 -0.35339 0
-0.094914 -1.077062 1
0.300231 -0.525555 0
-0.767691 0.149203 0
-1.457957 -0.123086 1
0.074129 1.420098 1
-0.230511 -0.102091 0
-0.213055 1.073561 0
0.581535 1.074772 0
-1.31721 -0.800457 1
1.397372 0.600817 1
-0.859894 -0.702449 1
-1.053967 1.413588 1
-0.521011 -1.190131 1
-0.388813 -0.212497 0
0.241863 -0.736672 0
1.122776 -0.185854 1
-0.668369 -0.866207 1
0.042409 -0.042101 0
1.442904 -1.03373 1
1.37072 0.801702 1
1.401193 -0.611177 1
0.602428 -0.976512 1
-0.591651 1.162807 0
1.066371 -0.043102 1
-0.500843 0.216423 0
-0.571358 -1.018939 1
-1.323007 0.101165 1
-1.230042 0.191851 1
-0.231246 -1.482355 1
1.323425 0.360355 1
0.541166 0.814409 0
1.032036 0.436399 0
-1.05356 1.092433 1
0.719499 1.455949 1
-0.537715 1.196492 0
-0.16555 -0.479603 0
-0.524385 1.215435 0
0.643937 0.906602 0
1.175487 -1.418894 1
1.407137 -0.233793 1
1.368526 -0.563204 1
0.286415 -1.161856 1
0.93639 -0.42117 1
0.637799 -0.529756 1
0.710672 -0.963273 1
0.71962 -0.352866 0
-1.19528 0.383409 1
-1.378633 -0.006441 1
-1.196904 -1.488003 1
0.100853 0.603693 0
-0.147076 1.273387 1
0.147732 0.661281 0
-0.243323 0.102921 0
-1.370285 -0.387081 1
-0.514502 -0.402784 0
-1.276063 0.858242 1
-0.762199 -0.297186 0
-0.842547 1.390282 1
-0.445479 -0.665368 1
-0.308943 -0.417712 0
-1.185833 -1.055734 1
1.116696 0.344536 0
0.770625 -0.089449 0
-0.443717 0.523422 0
1.277272 0.974631 1
-0.214157 -0.208619 0
1.424765 1.048059 1
0.595001 -0.410182 0
-0.13827 0.016606 0
-0.555994 1.343509 1
0.225839 -1.054519 1
-0.064332 -0.049269 0
0.85876 0.277056 0
0.950682 -0.255254 1
-0.918754 1.017732 0
0.34958 1.146434 0
-1.355661 0.60373 1
-0.803074 -0.263363 0
0.769844 0.166509 0
-0.406941 0.8655 0
-0.925053 0.858206 0
-0.27626 1.200903 1
0.189183 -0.963015 1
0.049106 0.075849 0
0.807216 -1.060184 1
0.107493 1.19341 1
0.422825 -0.716142 1
-0.37784 -0.973878 1
0.681873 -0.970793 1
-0.044622 1.069475 1
-0.903758 -1.496108 1
-1.428979 0.781056 1
-1.231584 0.358981 1
0.822329 0.900798 0
0.063748 -0.871259 0
-0.202921 0.468836 0
-1.434376 0.076669 1
1.322022 -0.752438 1
0.878593 0.054233 0
0.004127 0.290579 0
1.261832 1.202039 1
0.876746 1.060676 0
0.8142 -1.42709 1
0.021384 -1.454363 1
-0.955215 1.176478 1
0.856258 -0.287782 1
-0.040382 0.483313 0
-1.022171 0.116556 0
-1.048595 -1.024284 1
0.913299 0.624243 0
1.467608 -0.994042 1
-1.216224 0.875559 1
1.225361 -0.413035 1
-1.014802 0.346934 0
0.772198 -0.329406 0
0.729978 -1.439062 1
-0.260733 1.318395 1
-1.223198 -0.405646 1
-0.416056 1.306712 1
1.22731 -1.122478 1
-1.291818 -0.867371 1
0.894399 -0.210912 1
-1.165685 -1.439643 1
-0.990388 -0.016338 0
-0.585651 -1.358848 1
1.421988 0.688563 1
-0.36743 -1.15434 1
1.177947 -0.038902 1
-1.193137 -0.236325 1
-1.248246 1.058451 1
0.138281 -0.300862 0
0.152742 0.175978 0
-0.717841 1.178452 0
-0.924606 -1.040059 1
1.237872 -0.054992 1
1.357745 0.244657 1
-0.107753 1.126522 1
-1.262427 0.466486 1
1.022363 1.242156 1
-0.510878 -0.753934 1
0.217031 -0.889478 1
-1.372093 -1.48216 1
1.261175 1.12744 1
-0.160764 0.526881 0
-0.483478 -0.042153 0
0.525442 -0.788382 1
0.454083 -1.08381 1
1.031907 0.389257 0
-0.222889 -0.874259 1
-0.379544 -0.267813 0
-0.639389 -0.033936 0
1.25983 -0.732892 1
-0.491593 1.254277 1
-0.199089 -0.617792 0
-1.095356 -0.736668 1
-0.187867 -0.072909 0
-0.470972 0.906915 0
-0.319816 -0.786559 1
-0.580252 -1.420033 1
1.147342 0.660967 1
0.111293 -1.311974 1
0.530402 -0.845395 1
-0.07767 -1.103174 1
0.984975 -0.659343 1
-0.221634 0.957448 0
-1.067486 -1.231902 1
-0.016454 1.396157 1
1.208231 -0.054315 1
-0.30717 1.25071 1
1.012294 1.406005 1
-1.198289 -0.646786 1
-0.994628 0.285214 0
-0.048628 -1.325791 1
0.945312 -0.228508 1
1.437349 -0.405822 1
0.417504 0.14198 0
0.635318 1.207742 0
-0.846446 0.328346 0
0.966592 1.141197 1
-0.375592 1.188103 0
0.76336 -0.599605 1
-1.309743 -0.650362 1
-0.452058 1.278145 1
0.510186 -0.594836 0
0.598093 -0.118085 0
-0.290698 1.431854 1
0.459344 0.340254 0
0.026003 -0.519527 0
0.87514 -0.478721 1
-0.857225 -0.001831 0
-0.392093 -1.192477 1
1.339729 0.113442 1
-1.317845 0.468967 1
-0.864569 0.757071 0
-1.146637 -0.602417 1
1.021306 -0.979152 1
0.095419 -1.40693 1
0.911663 -1.004807 1
0.513545 -1.052087 1
0.505267 -1.025525 1
0.326556 0.089121 0
-0.899198 -0.265053 1
0.347305 -0.514146 0
0.901765 -1.152353 1
0.856091 -0.918737 1
-0.311749 0.640653 0
-1.490597 1.433338 1
-0.864243 -1.228445 1
0.543907 -1.198591 1
-1.172498 0.782561 1
0.854212 -0.155503 0
1.462466 1.119797 1
-0.120008 0.827194 0
-1.330483 -0.440819 1
0.231871 1.227117 1
0.462314 0.004397 0
0.956403 -0.711742 1
-0.544457 0.318382 0
-0.00945 0.059758 0
0.516278 -0.888228 1
1.208012 1.39219 1
1.445689 -0.272131 1
0.62552 0.62212 0
-0.496608 0.510498 0
0.402318 -1.4537 1
0.081885 0.982351 0
-1.333429 -0.460194 1
1.417745 0.190538 1
1.206248 0.464659 1
0.363282 -0.439649 0
-1.378583 0.399146 1
-0.545188 -0.03617 0
0.413724 -0.7432 1
-0.448324 0.273384 0
-0.358976 -0.190139 0
-0.077059 -1.281236 1
1.318437 -0.964557 1
-1.479962 -0.573916 1
-0.888838 -1.005439 1
-0.083531 -0.30169 0
0.284075 -0.374418 0
1.45932 0.928882 1
-0.704257 0.600364 0
-1.000033 0.604821 0
0.918052 -1.206622 1
-0.418204 -0.333181 0
0.150157 -0.461551 0
0.761697 -0.199153 0
-1.193109 -0.382085 1
0.27073 1.181755 0
0.64933 -1.27434 1
-1.222852 -0.917376 1
1.383015 -0.142093 1
-0.617651 -1.416396 1
0.143166 -0.961046 1
-0.938447 1.267059 1
0.610346 0.376486 0
1.311361 0.539557 1
-0.880561 0.273208 0
-1.342738 0.765893 1
-0.154171 -0.537172 0
0.664799 1.438485 1
0.765377 -0.928117 1
1.229145 0.514476 1
0.899746 0.483245 0
1.034402 -0.439685 1
-1.424054 1.397976 1
-0.328269 -0.863481 1
-1.114522 0.835663 1
-1.262791 1.468967 1
1.39981 -1.346301 1
-0.047061 -1.472602 1
0.151607 -0.371118 0
-1.288282 0.652545 1
-0.948645 -1.14767 1
0.15396 -0.07403 0
1.423839 1.257797 1
0.105201 -0.938158 1
1.004771 0.878376 0
0.887935 1.156962 1
-0.155869 -1.404943 1
-0.340539 0.747916 0
1.170846 -1.472183 1
-0.265049 -1.299681 1
0.442728 -1.063729 1
0.831138 0.528205 0
0.314412 0.922359 0
1.14856 -0.372281 1
0.442386 1.050603 0
-0.148247 -0.998826 1
0.292987 -0.272504 0
-1.081826 -0.177401 1
1.429439 -1.199449 1
0.692615 1.442569 1
1.000167 1.294455 1
1.352849 0.212823 1
-0.283934 0.511803 0
0.005267 -0.954911 0
0.591723 -1.330001 1
-1.471336 1.139672 1
0.868018 0.472819 0
-0.807702 -0.626298 1
1.218151 0.535023 1
1.088476 1.464124 1
-0.406787 -0.660972 0
0.784934 -0.175947 0
0.717875 0.139247 0
0.181513 0.071434 0
0.964792 -0.654986 1
-1.135363 0.420097 1
0.218164 0.318633 0
-0.261549 -0.203394 0
-1.340707 -0.39228 1
0.559929 -1.031732 1
0.147152 0.530503 0
-0.75738 0.190249 0
-1.061004 -0.730216 1
0.514006 -1.297508 1
0.601044 -0.547469 1
-0.559229 -0.746387 1
-1.075856 0.622443 0
0.370044 -0.103763 0
-1.286116 -1.268648 1
0.96706 -1.18029 1
-0.490037 0.904998 0
0.632718 -0.731806 1
-0.154452 -0.974561 1
0.825175 0.922232 0
0.709601 -0.32703 0
-1.030351 -1.359257 1
0.898282 -0.678024 1
-1.495352 0.671929 1
0.431377 0.57163 0
-0.788645 0.675716 0
-1.13992 -1.277624 1
0.632773 1.285029 1
-0.035564 -0.360304 0
0.095038 -1.083794 1
0.565641 -0.695674 1
0.899582 0.878916 0
-0.444932 -0.009697 0
0.570696 -0.660941 1
-1.431117 -0.353805 1
-1.481803 0.114754 1
0.642053 0.167576 0
1.126714 1.297733 1
0.58934 0.041008 0
-0.326094 0.10661 0
1.364206 0.656483 1
1.351215 -0.100675 1
-0.393665 1.333254 1
-1.192611 0.873216 1
-1.17363 0.886274 1
-1.356983 -0.2956 1
0.17578 0.127891 0
-0.768264 0.152441 0
-0.441175 1.373979 1
0.24982 -1.186413 1
0.151919 0.162157 0
1.029499 -1.372324 1
1.479488 -0.448708 1
1.336855 -0.504009 1
1.031154 -0.909376 1
1.015045 1.062679 1
0.55304 1.470082 1
-0.951348 1.485712 1
-1.485835 0.505702 1
-0.961745 -1.377748 1
-0.691107 0.4452 0
1.078525 1.123159 1
0.339511 0.341344 0
-0.001304 -0.115536 0
-0.505455 1.330687 1
0.120079 -0.670203 0
-1.371001 0.216088 1
-0.365654 -0.247948 0
1.263117 -0.463402 1
-1.497064 0.874722 1
0.773245 0.461664 0
0.913797 0.45813 0
1.414952 0.406998 1
0.313224 -0.376451 0
1.105964 0.53809 0
1.069044 -1.492441 1
-0.776598 1.200518 1
-1.059438 -1.344032 1
1.391589 0.266693 1
0.381936 0.248732 0
0.318709 0.764162 0
-0.731198 -0.084315 0
-1.315801 -0.069295 1
-0.206459 0.17117 0
-0.828143 1.117817 0
0.571732 1.178001 0
-1.193101 -1.366952 1
1.462501 1.309106 1
1.036312 -0.720397 1
-0.461247 1.432821 1
-0.482771 0.466798 0
0.50534 -0.324724 0
-1.098436 0.609502 0
-0.376183 0.691944 0
0.210177 0.555509 0
-0.785535 1.382053 1
-0.621097 -0.152872 0
-0.01991 -0.033788 0
-1.431763 0.311619 1
-0.417704 1.081799 0
0.170057 0.251607 0
-1.390335 -1.177003 1
-1.435647 -0.37798 1
-0.388872 1.370026 1
0.403457 0.276227 0
-0.398685 -0.142975 0
-0.010735 -0.852709 0
0.705064 -1.348627 1
0.535238 -0.088082 0
-0.736859 0.536558 0
0.335655 0.646801 0
-1.436115 0.149041 1
0.780028 1.378995 1
0.760048 -0.224618 0
0.537719 -1.354154 1
-0.862914 0.979098 0
-0.940612 -0.239519 1
0.312716 -0.652722 0
0.034745 0.464513 0
0.089621 -1.102686 1
1.472671 0.877794 1
0.075754 0.555332 0
-1.303575 -1.158379 1
-0.310966 0.618312 0
-0.86595 0.466798 0
0.603806 -0.728125 1
-1.34234 0.707399 1
-0.293646 0.653241 0
-0.201474 0.750043 0
-1.448564 -0.467502 1
-1.004109 1.181501 1
1.168321 -0.207953 1
0.340249 -1.204281 1
0.387687 0.04587 0
0.462997 -0.206705 0
-0.350496 0.165033 0
0.146529 -1.240707 1
-1.405085 0.217614 1
0.169187 1.064355 0
0.996485 1.060339 1
0.356254 -0.007244 0
1.014542 -0.281487 1
-1.112681 -0.684262 1
1.31073 0.918662 1
0.944348 -0.413901 1
-0.895989 -0.671818 1
0.558096 0.911191 0
0.483181 0.40663 0
-0.009956 -0.764897 0
1.311598 0.735445 1
0.37261 -0.328521 0
-0.861929 -0.194428 0
-0.040399 0.1202 0
-1.383176 -0.926919 1
0.87205 0.912459 0
-0.28487 -0.209052 0
0.919679 0.608642 0
-0.810732 -1.182973 1
-0.15196 -0.282097 0
-0.235763 0.071318 0
-0.44768 -0.868451 1
1.221975 -0.554152 1
1.056372 0.41008 0
0.989581 -1.299246 1
-0.496923 -1.401295 1
-0.122595 -1.194182 1
0.223233 -0.994688 1
-0.585898 0.215541 0
-0.393066 0.235888 0
-1.36266 -1.172064 1
-0.555901 1.283862 1
0.623987 1.246663 1
-0.26281 -1.494543 1
1.413834 -0.968545 1
