-1.479962 -0.573916 1
-1.349116 -1.302438 1
0.662997 1.302135 1
-0.288939 -0.774616 1
1.044275 0.058025 1
1.272757 0.858755 1
0.756453 0.253187 0
-0.457195 0.46795 0
-0.775979 0.893712 0
0.333276 0.348105 0
-1.188784 0.360567 1
-1.004109 1.181501 1
-0.250612 1.423659 1
-1.196904 -1.488003 1
0.759842 -0.664912 1
-0.861031 -1.495102 1
-0.674065 -0.712734 1
1.020438 0.369319 0
0.899582 0.878916 0
-0.937399 -1.205314 1
-0.175832 0.511538 0
1.229887 0.386807 1
-1.415887 -1.202282 1
0.332974 -1.261519 1
-1.192611 0.873216 1
0.8142 -1.42709 1
-0.202921 0.468836 0
0.049615 -0.926187 0
-0.398685 -0.142975 0
0.55304 1.470082 1
0.689834 -0.602212 1
0.415708 0.450698 0
