-0.148247 -0.998826 1
-0.418204 -0.333181 0
0.128044 0.848098 0
-0.548899 0.702755 0
0.538766 1.100781 0
1.474345 0.071275 1
0.000929 0.899647 0
-1.208268 -0.025022 1
-0.555356 1.289116 1
0.759357 0.457987 0
0.942443 -0.226802 1
-1.027175 -0.606691 1
-1.036033 1.465173 1
-0.231246 -1.482355 1
1.237872 -0.054992 1
-0.326094 0.10661 0
0.218051 0.861561 0
-0.739392 -1.06184 1
-0.515095 -1.092988 1
-1.288726 -0.876926 1
-0.857019 -0.169582 0
1.12438 0.065401 1
-0.47847 0.308047 0
0.315491 0.234641 0
-1.340619 0.600702 1
1.210347 -0.435143 1
-0.554209 -0.23821 0
0.272758 1.156155 0
0.963721 0.28002 0
-1.288282 0.652545 1
-0.857225 -0.001831 0
-0.878046 0.968309 0
-0.246355 -0.603195 0
0.270231 -0.029386 0
0.780028 1.378995 1
-0.175832 0.511538 0
-0.678037 -1.070065 1
1.479488 -0.448708 1
0.571732 1.178001 0
0.170057 0.251607 0
-0.989915 -1.076888 1
-0.775965 0.980504 0
-0.840435 -1.19712 1
-0.530926 0.628289 0
0.284075 -0.374418 0
0.040525 0.668789 0
1.157162 -1.044883 1
1.056372 0.41008 0
0.842664 -1.097524 1
1.430534 -0.115154 1
-0.467343 -0.124251 0
0.872997 1.283074 1
0.415708 0.450698 0
1.426435 -0.285546 1
0.147152 0.530503 0
-1.135363 0.420097 1
-0.338252 0.618799 0
-0.543554 -0.836133 1
0.379371 -1.214535 1
0.087579 1.201322 1
1.130383 -1.230457 1
0.662997 1.302135 1
-0.265049 -1.299681 1
0.385613 0.97436 0
1.423839 1.257797 1
-1.349386 0.307774 1
1.088476 1.464124 1
-0.799321 0.165123 0
0.533069 -1.318607 1
-1.389637 -0.821446 1
0.71112 -0.831376 1
-0.861031 -1.495102 1
0.816683 -0.636857 1
-0.397783 1.19499 0
-1.192611 0.873216 1
-0.365654 -0.247948 0
0.191134 -0.67889 0
-0.388872 1.370026 1
-0.235763 0.071318 0
-0.938447 1.267059 1
0.968623 0.664156 0
-0.498336 -0.887136 1
0.523958 -1.274448 1
-0.430529 0.775466 0
1.391589 0.266693 1
0.766142 0.43284 0
1.363947 -0.311177 1
0.37261 -0.328521 0
-1.365366 -0.810883 1
1.044275 0.058025 1
-0.44684 -0.55581 0
-0.691107 0.4452 0
-0.391753 -1.02127 1
1.380788 0.809012 1
1.411707 1.14282 1
1.066652 0.755142 0
1.106664 0.446634 0
0.017836 -0.145818 0
-0.743392 -0.369774 0
-0.091171 -1.325145 1
1.057983 1.149139 1
-0.126493 -1.433011 1
0.318709 0.764162 0
-0.083619 -0.771555 0
0.808317 0.927513 0
1.132208 -0.694329 1
0.765197 -0.643352 1
-1.47967 -1.422547 1
0.454168 0.518555 0
-0.00945 0.059758 0
-1.159011 -0.074589 1
-0.187867 -0.072909 0
-0.691951 0.249894 0
0.119836 -0.124548 0
0.356485 -1.204696 1
0.259728 1.226015 1
0.041422 0.841642 0
-0.571358 -1.018939 1
-0.939987 -0.540694 1
-1.014802 0.346934 0
0.332974 -1.261519 1
-0.872677 -0.564424 1
-0.937399 -1.205314 1
-1.181036 -0.495028 1
0.569283 -1.329423 1
-1.200561 0.035306 1
-1.006651 0.059254 0
0.784593 -0.427555 1
-0.513293 -1.13574 1
-0.464347 -0.468117 0
-1.190875 -1.103319 1
0.64933 -1.27434 1
1.345204 0.57922 1
-1.003807 -0.290251 1
-1.030351 -1.359257 1
-0.564782 -0.057465 0
0.899582 0.878916 0
0.513545 -1.052087 1
-0.946299 -0.56368 1
-1.193109 -0.382085 1
0.618629 -0.888377 1
-1.094523 1.160576 1
-1.307943 0.51456 1
0.873436 0.958637 0
-1.065718 0.206724 0
1.116268 0.021099 1
0.150157 -0.461551 0
-0.348342 -0.295956 0
-1.289272 -0.502494 1
-1.240222 0.84958 1
-0.618839 -0.327982 0
-1.34234 0.707399 1
-1.344566 0.248816 1
0.120079 -0.670203 0
1.374848 -0.784181 1
0.133375 0.134412 0
1.032036 0.436399 0
-0.202921 0.468836 0
0.15396 -0.07403 0
-0.362488 0.49348 0
-0.892496 1.27697 1
-1.311551 -0.353741 1
-0.685382 -0.868242 1
-0.01991 -0.033788 0
0.752971 -1.04411 1
-1.324583 0.506732 1
-1.448859 1.266815 1
-0.360322 0.00593 0
-0.361163 0.670138 0
-1.356974 -0.300857 1
-0.663288 -1.152522 1
-0.100525 -1.376758 1
0.259576 1.420908 1
1.210631 1.410298 1
1.22843 -0.556938 1
0.403457 0.276227 0
-0.375592 1.188103 0
-0.457574 -0.823372 1
-1.28604 0.649831 1
-0.046555 -0.487979 0
0.147732 0.661281 0
-0.567994 0.228098 0
-0.199089 -0.617792 0
1.258903 -0.435996 1
-0.906487 0.799975 0
0.065277 -0.377689 0
-1.402392 0.503879 1
0.096824 -0.277428 0
-0.786045 -0.393753 1
-1.188784 0.360567 1
-1.337049 -0.290592 1
0.618647 1.352834 1
1.068746 -0.738896 1
-0.001304 -0.115536 0
0.55304 1.470082 1
1.261832 1.202039 1
1.063841 1.389637 1
0.87514 -0.478721 1
-0.341828 0.433739 0
-0.424098 -0.878247 1
-0.867471 -1.191311 1
-0.97271 -0.102432 1
0.38115 0.164922 0
-1.216224 0.875559 1
-0.629027 -0.759597 1
-0.116061 -0.145013 0
1.174778 1.323086 1
-0.19113 0.765903 0
0.472288 1.491735 1
-0.807702 -0.626298 1
0.469796 0.968608 0
-0.682561 0.591324 0
-0.229452 -1.423335 1
-1.175639 -0.980462 1
0.843722 0.485718 0
1.308642 0.253157 1
-0.033519 -1.002684 1
0.868352 -1.349696 1
1.208012 1.39219 1
0.79518 -1.395202 1
0.916506 0.684819 0
1.377709 0.709737 1
1.47507 1.473133 1
-0.961745 -1.377748 1
-0.599814 0.037739 0
-0.292554 0.896971 0
0.636747 0.663996 0
-0.120008 0.827194 0
1.462674 0.091664 1
-0.73679 -0.346142 0
1.318437 -0.964557 1
-0.0581 1.229471 1
0.276241 -0.741389 0
-1.410218 -1.298549 1
0.034745 0.464513 0
-0.288939 -0.774616 1
-1.349116 -1.302438 1
0.413724 -0.7432 1
1.380314 -0.655198 1
-0.457195 0.46795 0
-1.321894 -0.284338 1
-1.063911 -0.416913 1
1.498532 -0.006315 1
0.534967 0.317069 0
0.651032 -1.222011 1
-0.3802 -0.895234 1
-1.17363 0.886274 1
0.721699 -1.28317 1
-0.358911 0.549332 0
-0.640352 0.823745 0
1.121401 1.0967 1
0.996485 -0.00238 0
1.364667 0.84559 1
-0.638787 -1.1095 1
-1.434376 0.076669 1
0.770625 -0.089449 0
0.588238 -0.746288 1
0.631127 0.014622 0
-0.511572 0.42776 0
0.466383 0.776418 0
0.456454 0.843985 0
1.431521 -0.954629 1
0.519491 -1.007386 1
0.462258 -0.396526 0
1.39981 -1.346301 1
0.8142 -1.42709 1
-0.322362 0.244696 0
0.610066 -0.339201 0
-0.130754 -0.584222 0
-0.094914 -1.077062 1
0.066881 1.338724 1
-0.485849 -1.40833 1
-0.156842 1.181048 1
0.881776 -0.69019 1
0.731439 -1.244041 1
1.347486 0.518402 1
-0.325882 1.430827 1
0.82911 1.278767 1
0.387956 0.869852 0
1.439145 1.198946 1
1.032474 -1.086383 1
0.292987 -0.272504 0
0.980444 -1.184471 1
0.095419 -1.40693 1
1.014542 -0.281487 1
0.778502 0.53915 0
-1.327455 -0.587628 1
-1.429098 -0.457668 1
0.717606 -1.205743 1
-1.079514 -0.299513 1
-0.555994 1.343509 1
-1.108112 1.266133 1
0.777381 1.269607 1
-0.537566 0.118277 0
1.170621 0.569279 1
-0.668343 -0.033947 0
0.451347 0.653415 0
-1.323657 0.291956 1
-0.292056 -0.805786 1
0.049615 -0.926187 0
0.653899 -0.468124 0
-1.230042 0.191851 1
-0.365588 -0.967594 1
-0.918754 1.017732 0
0.483181 0.40663 0
0.516034 0.517566 0
-0.440734 -1.091063 1
0.021384 -1.454363 1
-0.129131 -0.740706 0
-0.250612 1.423659 1
-0.987556 -0.972451 1
-0.941564 -0.382247 1
-0.192774 -0.073639 0
0.956403 -0.711742 1
-0.156444 -1.240445 1
0.797151 -1.237271 1
0.97757 1.483146 1
-1.105338 0.675093 0
-0.622495 -0.620597 1
-1.224663 0.606183 1
-0.673546 0.401239 0
0.595001 -0.410182 0
0.026003 -0.519527 0
-1.340707 -0.39228 1
0.03372 1.499255 1
1.297422 0.889514 1
-0.047265 -1.169457 1
1.020438 0.369319 0
1.27183 -0.07528 1
-1.005578 -0.211782 1
1.496543 0.157104 1
0.12137 -0.804013 0
-1.223198 -0.405646 1
1.265279 -1.020104 1
-1.144117 -0.975814 1
-0.683242 0.555705 0
-1.255402 -0.017671 1
0.636013 0.289417 0
0.813194 1.240312 1
-0.213055 1.073561 0
-0.398685 -0.142975 0
-1.127253 0.399687 0
-0.731691 -0.146698 0
-1.373839 -1.307809 1
1.340346 -0.433078 1
-0.067351 -0.355778 0
1.442904 -1.03373 1
1.374653 -0.944926 1
1.210104 -0.752442 1
1.286628 0.352153 1
-1.317845 0.468967 1
-0.09632 -0.568445 0
1.012013 1.186091 1
-0.283934 0.511803 0
0.756453 0.253187 0
0.669597 1.170778 0
-0.759529 0.921726 0
1.37072 0.801702 1
0.964792 -0.654986 1
0.111293 -1.311974 1
-0.392093 -1.192477 1
-1.196904 -1.488003 1
0.862749 0.506563 0
-0.95412 0.972237 0
0.10087 -0.434709 0
1.354003 1.330748 1
0.616089 -0.342553 0
0.759842 -0.664912 1
-0.775979 0.893712 0
-0.009956 -0.764897 0
-0.429494 0.992138 0
-1.075856 0.622443 0
-1.231584 0.358981 1
0.783904 -0.49347 1
0.132118 -1.496068 1
0.571285 0.57445 0
-1.240092 0.816161 1
0.683453 0.14413 0
0.788043 -0.282128 0
0.493869 -0.610396 0
0.370044 -0.103763 0
0.689834 -0.602212 1
0.181513 0.071434 0
-1.284293 0.303119 1
-0.077059 -1.281236 1
-0.723795 -1.322095 1
-0.275376 -0.78883 1
1.068273 -1.268771 1
0.936981 -0.361011 1
-1.36266 -1.172064 1
-0.674065 -0.712734 1
-0.353547 1.115582 0
-1.438259 -0.713429 1
-1.355661 0.60373 1
0.948304 1.123617 1
-1.421395 0.862686 1
1.479487 -1.163611 1
1.00266 0.203168 0
0.481837 1.077327 0
-0.319816 -0.786559 1
0.884427 1.090472 0
1.060318 0.143666 0
-1.289569 0.122366 1
-0.605646 -0.296734 0
0.934263 1.321657 1
0.850636 -0.087918 0
1.2542 1.437992 1
-0.804018 1.302295 1
0.887935 1.156962 1
0.9715 0.909826 0
0.761867 -1.022313 1
1.495581 -0.712392 1
-0.54171 -1.401749 1
-1.415887 -1.202282 1
-0.276981 1.384886 1
1.186701 -1.209529 1
0.386759 -0.877509 1
0.391146 -1.052456 1
1.449115 -1.064767 1
0.980501 0.478148 0
1.225361 -0.413035 1
1.3309 0.164313 1
-1.222852 -0.917376 1
-0.420942 1.481008 1
-0.505455 1.330687 1
-1.056916 0.143081 0
-0.490037 0.904998 0
0.373731 0.769192 0
1.277629 1.0663 1
-0.767962 0.280354 0
0.339023 0.224897 0
0.218164 0.318633 0
0.210177 0.555509 0
1.141362 1.107041 1
1.272757 0.858755 1
-0.042791 -0.621261 0
1.457613 0.64362 1
-0.090566 -0.389886 0
-0.572964 0.866092 0
-0.053152 0.637263 0
0.537865 0.289771 0
-0.457866 0.656302 0
0.6962 -0.187664 0
-0.564429 0.191757 0
-1.08144 -1.246588 1
0.581713 1.168229 0
0.095038 -1.083794 1
1.165005 -0.398908 1
-1.491062 0.562989 1
1.401193 -0.611177 1
0.798058 1.3774 1
-0.731198 -0.084315 0
1.207448 1.318533 1
-0.704356 -0.942328 1
1.14174 -1.023215 1
0.000663 -1.153767 1
0.966592 1.141197 1
-0.776598 1.200518 1
-1.251998 -1.209116 1
1.404017 0.765873 1
0.537719 -1.354154 1
0.962212 0.371124 0
-0.925053 0.858206 0
-0.53609 -0.038687 0
0.919679 0.608642 0
0.507466 -0.515201 0
-1.172498 0.782561 1
-1.184842 0.22056 1
1.229887 0.386807 1
0.383148 -0.011883 0
0.524998 0.360905 0
1.479337 -1.030145 1
-0.069009 1.073586 0
0.865518 -0.91558 1
1.230523 -1.302085 1
-1.479962 -0.573916 1
-1.378633 -0.006441 1
-1.235135 0.152229 1
0.885146 -1.047654 1
-0.862914 0.979098 0
-0.199033 0.482636 0
-0.809405 -1.092823 1
-0.911124 1.129585 1
-0.994434 -0.947453 1
-1.004109 1.181501 1
-0.304494 1.273857 1
-0.243323 0.102921 0
-0.521011 -1.190131 1
-0.434935 0.434166 0
-0.359237 0.376108 0
1.082365 -1.264083 1
-0.883897 1.161111 1
0.661947 1.483871 1
0.687886 0.701777 0
0.913299 0.624243 0
0.333276 0.348105 0
0.410559 0.906662 0
1.409002 -0.392342 1
-1.235448 1.069697 1
0.363282 -0.439649 0
-0.290477 0.430083 0
0.206445 -0.571893 0
-0.272968 0.836246 0
-0.188867 -0.500252 0
0.111011 1.410322 1
-1.399746 0.63452 1
0.535238 -0.088082 0
-1.457853 1.073943 1
0.112601 0.874478 0
1.029499 -1.372324 1
-0.388813 -0.212497 0
-0.697061 -1.292105 1
